tokenizer_config.json: 100%
 52.0/52.0 [00:00<00:00, 5.88kB/s]
config.json: 100%
 579/579 [00:00<00:00, 79.4kB/s]
spm.model: 100%
 2.46M/2.46M [00:01<00:00, 1.25MB/s]
Dataset:  politifact
loading news articles
LIWC features extracted [[0.         0.         0.00209644 0.         0.        ]
 [0.         0.         0.         0.         0.        ]
 [0.         0.         0.         0.         0.        ]
 [0.         0.         0.00209644 0.         0.        ]
 [0.00079681 0.         0.         0.         0.        ]
 [0.00054935 0.00036623 0.00256363 0.         0.        ]
 [0.00035608 0.         0.00077151 0.         0.        ]
 [0.00274725 0.         0.00274725 0.         0.        ]
 [0.00024432 0.00024432 0.00024432 0.         0.        ]
 [0.         0.         0.         0.         0.        ]
 [0.         0.         0.         0.         0.        ]
 [0.         0.         0.         0.         0.        ]
 [0.         0.         0.         0.         0.        ]
 [0.         0.         0.         0.         0.        ]
 [0.         0.         0.         0.         0.        ]
 [0.         0.         0.         0.         0.        ]
 [0.         0.         0.00121065 0.         0.        ]
 [0.         0.00046591 0.         0.         0.        ]
 [0.0001227  0.         0.0007362  0.         0.        ]
 [0.00032199 0.00042932 0.00042932 0.         0.        ]
 [0.         0.00030271 0.00060542 0.         0.        ]
 [0.00034746 0.         0.00069493 0.         0.        ]
 [0.         0.         0.         0.         0.        ]
 [0.         0.         0.         0.         0.        ]
 [0.00018839 0.00037679 0.         0.         0.        ]
 [0.00173385 0.         0.00346771 0.         0.        ]
 [0.00055835 0.         0.00055835 0.         0.        ]
 [0.         0.         0.         0.         0.        ]
 [0.00178891 0.00357782 0.00536673 0.         0.        ]
 [0.         0.         0.         0.         0.        ]
 [0.         0.         0.00236407 0.         0.        ]
 [0.         0.         0.         0.         0.        ]
 [0.00145773 0.00087464 0.00145773 0.         0.        ]
 [0.         0.         0.         0.         0.        ]
 [0.00012464 0.00024928 0.00037392 0.         0.        ]
 [0.         0.         0.         0.         0.        ]
 [0.         0.         0.         0.         0.        ]
 [0.         0.         0.00408719 0.         0.        ]
 [0.         0.00316456 0.         0.         0.        ]
 [0.         0.         0.         0.         0.        ]
 [0.         0.00083647 0.00041824 0.         0.        ]
 [0.         0.         0.0009901  0.         0.        ]
 [0.         0.00373134 0.00373134 0.         0.        ]
 [0.         0.         0.         0.         0.        ]
 [0.         0.         0.         0.         0.        ]
 [0.         0.         0.00550964 0.         0.        ]
 [0.         0.         0.         0.         0.        ]
 [0.00263158 0.00131579 0.00394737 0.         0.        ]
 [0.         0.         0.         0.         0.        ]
 [0.         0.         0.         0.         0.        ]
 [0.         0.         0.         0.         0.        ]
 [0.         0.         0.         0.         0.        ]
 [0.         0.         0.         0.         0.        ]
 [0.         0.         0.         0.         0.        ]
 [0.00193986 0.         0.         0.         0.        ]
 [0.0013986  0.         0.0013986  0.         0.        ]
 [0.         0.         0.         0.         0.        ]
 [0.00113379 0.         0.00453515 0.         0.        ]
 [0.         0.         0.         0.         0.        ]
 [0.00364964 0.         0.00364964 0.         0.        ]
 [0.0004948  0.         0.00148441 0.         0.        ]
 [0.         0.         0.         0.         0.        ]
 [0.         0.00662252 0.         0.         0.        ]
 [0.00161812 0.         0.         0.         0.        ]
 [0.         0.00126422 0.00126422 0.         0.        ]
 [0.         0.         0.         0.         0.        ]
 [0.         0.         0.         0.         0.        ]
 [0.00358423 0.         0.00358423 0.         0.        ]
 [0.         0.         0.         0.         0.        ]
 [0.         0.         0.00108342 0.         0.        ]
 [0.         0.         0.00352113 0.         0.        ]
 [0.         0.         0.         0.         0.        ]
 [0.00104275 0.         0.00521376 0.         0.        ]
 [0.         0.00054171 0.         0.         0.        ]
 [0.         0.         0.         0.         0.        ]
 [0.         0.         0.         0.         0.        ]
 [0.         0.         0.         0.         0.        ]
 [0.         0.         0.         0.         0.        ]
 [0.0008244  0.         0.0016488  0.         0.        ]
 [0.         0.         0.         0.         0.        ]
 [0.         0.         0.00230415 0.         0.        ]
 [0.         0.         0.00403226 0.         0.        ]
 [0.         0.         0.         0.         0.        ]
 [0.         0.         0.         0.         0.        ]
 [0.00220264 0.         0.00220264 0.         0.        ]
 [0.         0.         0.         0.         0.        ]
 [0.00508906 0.         0.00254453 0.         0.        ]
 [0.         0.         0.         0.         0.        ]
 [0.         0.         0.00160514 0.         0.        ]
 [0.00109709 0.         0.00438837 0.         0.        ]]
pytorch_model.bin: 100%
 371M/371M [00:01<00:00, 434MB/s]
loading news augmentations
Dataset:  politifact
100%|██████████| 90/90 [00:42<00:00,  2.13it/s]
Iter 000 | Epoch 00000 | Train Acc. 0.7083 | Loss 2.1123
loading news augmentations
Dataset:  politifact
100%|██████████| 90/90 [00:41<00:00,  2.16it/s]
Iter 000 | Epoch 00001 | Train Acc. 0.8972 | Loss 1.3558
loading news augmentations
Dataset:  politifact
100%|██████████| 90/90 [00:41<00:00,  2.16it/s]
Iter 000 | Epoch 00002 | Train Acc. 0.9556 | Loss 0.9839
loading news augmentations
Dataset:  politifact
100%|██████████| 90/90 [00:41<00:00,  2.16it/s]
Iter 000 | Epoch 00003 | Train Acc. 0.9806 | Loss 0.8400
loading news augmentations
Dataset:  politifact
100%|██████████| 90/90 [00:41<00:00,  2.16it/s]
Iter 000 | Epoch 00004 | Train Acc. 0.9944 | Loss 0.6871
100%|██████████| 23/23 [00:01<00:00, 17.96it/s]
100%|██████████| 23/23 [00:01<00:00, 21.93it/s]
-----------------End of Iter 000-----------------
['Global Test Accuracy:0.9222', 'Precision:0.9327', 'Recall:0.9222', 'F1:0.9217']
-----------------Restyle-----------------
['Global Test Accuracy:0.8111', 'Precision:0.8188', 'Recall:0.8111', 'F1:0.8100']
Dataset:  politifact
loading news articles
LIWC features extracted [[0.         0.         0.00209644 0.         0.        ]
 [0.         0.         0.         0.         0.        ]
 [0.         0.         0.         0.         0.        ]
 [0.         0.         0.00209644 0.         0.        ]
 [0.00079681 0.         0.         0.         0.        ]
 [0.00054935 0.00036623 0.00256363 0.         0.        ]
 [0.00035608 0.         0.00077151 0.         0.        ]
 [0.00274725 0.         0.00274725 0.         0.        ]
 [0.00024432 0.00024432 0.00024432 0.         0.        ]
 [0.         0.         0.         0.         0.        ]
 [0.         0.         0.         0.         0.        ]
 [0.         0.         0.         0.         0.        ]
 [0.         0.         0.         0.         0.        ]
 [0.         0.         0.         0.         0.        ]
 [0.         0.         0.         0.         0.        ]
 [0.         0.         0.         0.         0.        ]
 [0.         0.         0.00121065 0.         0.        ]
 [0.         0.00046591 0.         0.         0.        ]
 [0.0001227  0.         0.0007362  0.         0.        ]
 [0.00032199 0.00042932 0.00042932 0.         0.        ]
 [0.         0.00030271 0.00060542 0.         0.        ]
 [0.00034746 0.         0.00069493 0.         0.        ]
 [0.         0.         0.         0.         0.        ]
 [0.         0.         0.         0.         0.        ]
 [0.00018839 0.00037679 0.         0.         0.        ]
 [0.00173385 0.         0.00346771 0.         0.        ]
 [0.00055835 0.         0.00055835 0.         0.        ]
 [0.         0.         0.         0.         0.        ]
 [0.00178891 0.00357782 0.00536673 0.         0.        ]
 [0.         0.         0.         0.         0.        ]
 [0.         0.         0.00236407 0.         0.        ]
 [0.         0.         0.         0.         0.        ]
 [0.00145773 0.00087464 0.00145773 0.         0.        ]
 [0.         0.         0.         0.         0.        ]
 [0.00012464 0.00024928 0.00037392 0.         0.        ]
 [0.         0.         0.         0.         0.        ]
 [0.         0.         0.         0.         0.        ]
 [0.         0.         0.00408719 0.         0.        ]
 [0.         0.00316456 0.         0.         0.        ]
 [0.         0.         0.         0.         0.        ]
 [0.         0.00083647 0.00041824 0.         0.        ]
 [0.         0.         0.0009901  0.         0.        ]
 [0.         0.00373134 0.00373134 0.         0.        ]
 [0.         0.         0.         0.         0.        ]
 [0.         0.         0.         0.         0.        ]
 [0.         0.         0.00550964 0.         0.        ]
 [0.         0.         0.         0.         0.        ]
 [0.00263158 0.00131579 0.00394737 0.         0.        ]
 [0.         0.         0.         0.         0.        ]
 [0.         0.         0.         0.         0.        ]
 [0.         0.         0.         0.         0.        ]
 [0.         0.         0.         0.         0.        ]
 [0.         0.         0.         0.         0.        ]
 [0.         0.         0.         0.         0.        ]
 [0.00193986 0.         0.         0.         0.        ]
 [0.0013986  0.         0.0013986  0.         0.        ]
 [0.         0.         0.         0.         0.        ]
 [0.00113379 0.         0.00453515 0.         0.        ]
 [0.         0.         0.         0.         0.        ]
 [0.00364964 0.         0.00364964 0.         0.        ]
 [0.0004948  0.         0.00148441 0.         0.        ]
 [0.         0.         0.         0.         0.        ]
 [0.         0.00662252 0.         0.         0.        ]
 [0.00161812 0.         0.         0.         0.        ]
 [0.         0.00126422 0.00126422 0.         0.        ]
 [0.         0.         0.         0.         0.        ]
 [0.         0.         0.         0.         0.        ]
 [0.00358423 0.         0.00358423 0.         0.        ]
 [0.         0.         0.         0.         0.        ]
 [0.         0.         0.00108342 0.         0.        ]
 [0.         0.         0.00352113 0.         0.        ]
 [0.         0.         0.         0.         0.        ]
 [0.00104275 0.         0.00521376 0.         0.        ]
 [0.         0.00054171 0.         0.         0.        ]
 [0.         0.         0.         0.         0.        ]
 [0.         0.         0.         0.         0.        ]
 [0.         0.         0.         0.         0.        ]
 [0.         0.         0.         0.         0.        ]
 [0.0008244  0.         0.0016488  0.         0.        ]
 [0.         0.         0.         0.         0.        ]
 [0.         0.         0.00230415 0.         0.        ]
 [0.         0.         0.00403226 0.         0.        ]
 [0.         0.         0.         0.         0.        ]
 [0.         0.         0.         0.         0.        ]
 [0.00220264 0.         0.00220264 0.         0.        ]
 [0.         0.         0.         0.         0.        ]
 [0.00508906 0.         0.00254453 0.         0.        ]
 [0.         0.         0.         0.         0.        ]
 [0.         0.         0.00160514 0.         0.        ]
 [0.00109709 0.         0.00438837 0.         0.        ]]
loading news augmentations
Dataset:  politifact
100%|██████████| 90/90 [00:41<00:00,  2.15it/s]
Iter 001 | Epoch 00000 | Train Acc. 0.6778 | Loss 2.0255
loading news augmentations
Dataset:  politifact
100%|██████████| 90/90 [00:41<00:00,  2.15it/s]
Iter 001 | Epoch 00001 | Train Acc. 0.9167 | Loss 1.2161
loading news augmentations
Dataset:  politifact
100%|██████████| 90/90 [00:41<00:00,  2.16it/s]
Iter 001 | Epoch 00002 | Train Acc. 0.9750 | Loss 0.9502
loading news augmentations
Dataset:  politifact
100%|██████████| 90/90 [00:41<00:00,  2.15it/s]
Iter 001 | Epoch 00003 | Train Acc. 0.9694 | Loss 0.9069
loading news augmentations
Dataset:  politifact
100%|██████████| 90/90 [00:41<00:00,  2.15it/s]
Iter 001 | Epoch 00004 | Train Acc. 0.9861 | Loss 0.6562
100%|██████████| 23/23 [00:01<00:00, 18.01it/s]
100%|██████████| 23/23 [00:01<00:00, 21.96it/s]
-----------------End of Iter 001-----------------
['Global Test Accuracy:0.9111', 'Precision:0.9111', 'Recall:0.9111', 'F1:0.9111']
-----------------Restyle-----------------
['Global Test Accuracy:0.8778', 'Precision:0.8795', 'Recall:0.8778', 'F1:0.8776']
Dataset:  politifact
loading news articles
LIWC features extracted [[0.         0.         0.00209644 0.         0.        ]
 [0.         0.         0.         0.         0.        ]
 [0.         0.         0.         0.         0.        ]
 [0.         0.         0.00209644 0.         0.        ]
 [0.00079681 0.         0.         0.         0.        ]
 [0.00054935 0.00036623 0.00256363 0.         0.        ]
 [0.00035608 0.         0.00077151 0.         0.        ]
 [0.00274725 0.         0.00274725 0.         0.        ]
 [0.00024432 0.00024432 0.00024432 0.         0.        ]
 [0.         0.         0.         0.         0.        ]
 [0.         0.         0.         0.         0.        ]
 [0.         0.         0.         0.         0.        ]
 [0.         0.         0.         0.         0.        ]
 [0.         0.         0.         0.         0.        ]
 [0.         0.         0.         0.         0.        ]
 [0.         0.         0.         0.         0.        ]
 [0.         0.         0.00121065 0.         0.        ]
 [0.         0.00046591 0.         0.         0.        ]
 [0.0001227  0.         0.0007362  0.         0.        ]
 [0.00032199 0.00042932 0.00042932 0.         0.        ]
 [0.         0.00030271 0.00060542 0.         0.        ]
 [0.00034746 0.         0.00069493 0.         0.        ]
 [0.         0.         0.         0.         0.        ]
 [0.         0.         0.         0.         0.        ]
 [0.00018839 0.00037679 0.         0.         0.        ]
 [0.00173385 0.         0.00346771 0.         0.        ]
 [0.00055835 0.         0.00055835 0.         0.        ]
 [0.         0.         0.         0.         0.        ]
 [0.00178891 0.00357782 0.00536673 0.         0.        ]
 [0.         0.         0.         0.         0.        ]
 [0.         0.         0.00236407 0.         0.        ]
 [0.         0.         0.         0.         0.        ]
 [0.00145773 0.00087464 0.00145773 0.         0.        ]
 [0.         0.         0.         0.         0.        ]
 [0.00012464 0.00024928 0.00037392 0.         0.        ]
 [0.         0.         0.         0.         0.        ]
 [0.         0.         0.         0.         0.        ]
 [0.         0.         0.00408719 0.         0.        ]
 [0.         0.00316456 0.         0.         0.        ]
 [0.         0.         0.         0.         0.        ]
 [0.         0.00083647 0.00041824 0.         0.        ]
 [0.         0.         0.0009901  0.         0.        ]
 [0.         0.00373134 0.00373134 0.         0.        ]
 [0.         0.         0.         0.         0.        ]
 [0.         0.         0.         0.         0.        ]
 [0.         0.         0.00550964 0.         0.        ]
 [0.         0.         0.         0.         0.        ]
 [0.00263158 0.00131579 0.00394737 0.         0.        ]
 [0.         0.         0.         0.         0.        ]
 [0.         0.         0.         0.         0.        ]
 [0.         0.         0.         0.         0.        ]
 [0.         0.         0.         0.         0.        ]
 [0.         0.         0.         0.         0.        ]
 [0.         0.         0.         0.         0.        ]
 [0.00193986 0.         0.         0.         0.        ]
 [0.0013986  0.         0.0013986  0.         0.        ]
 [0.         0.         0.         0.         0.        ]
 [0.00113379 0.         0.00453515 0.         0.        ]
 [0.         0.         0.         0.         0.        ]
 [0.00364964 0.         0.00364964 0.         0.        ]
 [0.0004948  0.         0.00148441 0.         0.        ]
 [0.         0.         0.         0.         0.        ]
 [0.         0.00662252 0.         0.         0.        ]
 [0.00161812 0.         0.         0.         0.        ]
 [0.         0.00126422 0.00126422 0.         0.        ]
 [0.         0.         0.         0.         0.        ]
 [0.         0.         0.         0.         0.        ]
 [0.00358423 0.         0.00358423 0.         0.        ]
 [0.         0.         0.         0.         0.        ]
 [0.         0.         0.00108342 0.         0.        ]
 [0.         0.         0.00352113 0.         0.        ]
 [0.         0.         0.         0.         0.        ]
 [0.00104275 0.         0.00521376 0.         0.        ]
 [0.         0.00054171 0.         0.         0.        ]
 [0.         0.         0.         0.         0.        ]
 [0.         0.         0.         0.         0.        ]
 [0.         0.         0.         0.         0.        ]
 [0.         0.         0.         0.         0.        ]
 [0.0008244  0.         0.0016488  0.         0.        ]
 [0.         0.         0.         0.         0.        ]
 [0.         0.         0.00230415 0.         0.        ]
 [0.         0.         0.00403226 0.         0.        ]
 [0.         0.         0.         0.         0.        ]
 [0.         0.         0.         0.         0.        ]
 [0.00220264 0.         0.00220264 0.         0.        ]
 [0.         0.         0.         0.         0.        ]
 [0.00508906 0.         0.00254453 0.         0.        ]
 [0.         0.         0.         0.         0.        ]
 [0.         0.         0.00160514 0.         0.        ]
 [0.00109709 0.         0.00438837 0.         0.        ]]
loading news augmentations
Dataset:  politifact
100%|██████████| 90/90 [00:41<00:00,  2.16it/s]
Iter 002 | Epoch 00000 | Train Acc. 0.6972 | Loss 2.0973
loading news augmentations
Dataset:  politifact
100%|██████████| 90/90 [00:41<00:00,  2.16it/s]
Iter 002 | Epoch 00001 | Train Acc. 0.9278 | Loss 1.3052
loading news augmentations
Dataset:  politifact
100%|██████████| 90/90 [00:41<00:00,  2.15it/s]
Iter 002 | Epoch 00002 | Train Acc. 0.9639 | Loss 0.9823
loading news augmentations
Dataset:  politifact
100%|██████████| 90/90 [00:42<00:00,  2.14it/s]
Iter 002 | Epoch 00003 | Train Acc. 0.9806 | Loss 0.8524
loading news augmentations
Dataset:  politifact
100%|██████████| 90/90 [00:42<00:00,  2.13it/s]
Iter 002 | Epoch 00004 | Train Acc. 0.9889 | Loss 0.7040
100%|██████████| 23/23 [00:01<00:00, 17.13it/s]
100%|██████████| 23/23 [00:01<00:00, 21.81it/s]
-----------------End of Iter 002-----------------
['Global Test Accuracy:0.9222', 'Precision:0.9224', 'Recall:0.9222', 'F1:0.9222']
-----------------Restyle-----------------
['Global Test Accuracy:0.8000', 'Precision:0.8024', 'Recall:0.8000', 'F1:0.7996']
Dataset:  politifact
loading news articles
LIWC features extracted [[0.         0.         0.00209644 0.         0.        ]
 [0.         0.         0.         0.         0.        ]
 [0.         0.         0.         0.         0.        ]
 [0.         0.         0.00209644 0.         0.        ]
 [0.00079681 0.         0.         0.         0.        ]
 [0.00054935 0.00036623 0.00256363 0.         0.        ]
 [0.00035608 0.         0.00077151 0.         0.        ]
 [0.00274725 0.         0.00274725 0.         0.        ]
 [0.00024432 0.00024432 0.00024432 0.         0.        ]
 [0.         0.         0.         0.         0.        ]
 [0.         0.         0.         0.         0.        ]
 [0.         0.         0.         0.         0.        ]
 [0.         0.         0.         0.         0.        ]
 [0.         0.         0.         0.         0.        ]
 [0.         0.         0.         0.         0.        ]
 [0.         0.         0.         0.         0.        ]
 [0.         0.         0.00121065 0.         0.        ]
 [0.         0.00046591 0.         0.         0.        ]
 [0.0001227  0.         0.0007362  0.         0.        ]
 [0.00032199 0.00042932 0.00042932 0.         0.        ]
 [0.         0.00030271 0.00060542 0.         0.        ]
 [0.00034746 0.         0.00069493 0.         0.        ]
 [0.         0.         0.         0.         0.        ]
 [0.         0.         0.         0.         0.        ]
 [0.00018839 0.00037679 0.         0.         0.        ]
 [0.00173385 0.         0.00346771 0.         0.        ]
 [0.00055835 0.         0.00055835 0.         0.        ]
 [0.         0.         0.         0.         0.        ]
 [0.00178891 0.00357782 0.00536673 0.         0.        ]
 [0.         0.         0.         0.         0.        ]
 [0.         0.         0.00236407 0.         0.        ]
 [0.         0.         0.         0.         0.        ]
 [0.00145773 0.00087464 0.00145773 0.         0.        ]
 [0.         0.         0.         0.         0.        ]
 [0.00012464 0.00024928 0.00037392 0.         0.        ]
 [0.         0.         0.         0.         0.        ]
 [0.         0.         0.         0.         0.        ]
 [0.         0.         0.00408719 0.         0.        ]
 [0.         0.00316456 0.         0.         0.        ]
 [0.         0.         0.         0.         0.        ]
 [0.         0.00083647 0.00041824 0.         0.        ]
 [0.         0.         0.0009901  0.         0.        ]
 [0.         0.00373134 0.00373134 0.         0.        ]
 [0.         0.         0.         0.         0.        ]
 [0.         0.         0.         0.         0.        ]
 [0.         0.         0.00550964 0.         0.        ]
 [0.         0.         0.         0.         0.        ]
 [0.00263158 0.00131579 0.00394737 0.         0.        ]
 [0.         0.         0.         0.         0.        ]
 [0.         0.         0.         0.         0.        ]
 [0.         0.         0.         0.         0.        ]
 [0.         0.         0.         0.         0.        ]
 [0.         0.         0.         0.         0.        ]
 [0.         0.         0.         0.         0.        ]
 [0.00193986 0.         0.         0.         0.        ]
 [0.0013986  0.         0.0013986  0.         0.        ]
 [0.         0.         0.         0.         0.        ]
 [0.00113379 0.         0.00453515 0.         0.        ]
 [0.         0.         0.         0.         0.        ]
 [0.00364964 0.         0.00364964 0.         0.        ]
 [0.0004948  0.         0.00148441 0.         0.        ]
 [0.         0.         0.         0.         0.        ]
 [0.         0.00662252 0.         0.         0.        ]
 [0.00161812 0.         0.         0.         0.        ]
 [0.         0.00126422 0.00126422 0.         0.        ]
 [0.         0.         0.         0.         0.        ]
 [0.         0.         0.         0.         0.        ]
 [0.00358423 0.         0.00358423 0.         0.        ]
 [0.         0.         0.         0.         0.        ]
 [0.         0.         0.00108342 0.         0.        ]
 [0.         0.         0.00352113 0.         0.        ]
 [0.         0.         0.         0.         0.        ]
 [0.00104275 0.         0.00521376 0.         0.        ]
 [0.         0.00054171 0.         0.         0.        ]
 [0.         0.         0.         0.         0.        ]
 [0.         0.         0.         0.         0.        ]
 [0.         0.         0.         0.         0.        ]
 [0.         0.         0.         0.         0.        ]
 [0.0008244  0.         0.0016488  0.         0.        ]
 [0.         0.         0.         0.         0.        ]
 [0.         0.         0.00230415 0.         0.        ]
 [0.         0.         0.00403226 0.         0.        ]
 [0.         0.         0.         0.         0.        ]
 [0.         0.         0.         0.         0.        ]
 [0.00220264 0.         0.00220264 0.         0.        ]
 [0.         0.         0.         0.         0.        ]
 [0.00508906 0.         0.00254453 0.         0.        ]
 [0.         0.         0.         0.         0.        ]
 [0.         0.         0.00160514 0.         0.        ]
 [0.00109709 0.         0.00438837 0.         0.        ]]
loading news augmentations
Dataset:  politifact
100%|██████████| 90/90 [00:42<00:00,  2.14it/s]
Iter 003 | Epoch 00000 | Train Acc. 0.6917 | Loss 2.0831
loading news augmentations
Dataset:  politifact
100%|██████████| 90/90 [00:42<00:00,  2.14it/s]
Iter 003 | Epoch 00001 | Train Acc. 0.9167 | Loss 1.2435
loading news augmentations
Dataset:  politifact
100%|██████████| 90/90 [00:42<00:00,  2.14it/s]
Iter 003 | Epoch 00002 | Train Acc. 0.9639 | Loss 0.9270
loading news augmentations
Dataset:  politifact
100%|██████████| 90/90 [00:42<00:00,  2.13it/s]
Iter 003 | Epoch 00003 | Train Acc. 0.9861 | Loss 0.7783
loading news augmentations
Dataset:  politifact
100%|██████████| 90/90 [00:42<00:00,  2.14it/s]
Iter 003 | Epoch 00004 | Train Acc. 0.9944 | Loss 0.6458
100%|██████████| 23/23 [00:01<00:00, 17.37it/s]
100%|██████████| 23/23 [00:01<00:00, 21.81it/s]
-----------------End of Iter 003-----------------
['Global Test Accuracy:0.9000', 'Precision:0.9099', 'Recall:0.9000', 'F1:0.8994']
-----------------Restyle-----------------
['Global Test Accuracy:0.8111', 'Precision:0.8188', 'Recall:0.8111', 'F1:0.8100']
Dataset:  politifact
loading news articles
LIWC features extracted [[0.         0.         0.00209644 0.         0.        ]
 [0.         0.         0.         0.         0.        ]
 [0.         0.         0.         0.         0.        ]
 [0.         0.         0.00209644 0.         0.        ]
 [0.00079681 0.         0.         0.         0.        ]
 [0.00054935 0.00036623 0.00256363 0.         0.        ]
 [0.00035608 0.         0.00077151 0.         0.        ]
 [0.00274725 0.         0.00274725 0.         0.        ]
 [0.00024432 0.00024432 0.00024432 0.         0.        ]
 [0.         0.         0.         0.         0.        ]
 [0.         0.         0.         0.         0.        ]
 [0.         0.         0.         0.         0.        ]
 [0.         0.         0.         0.         0.        ]
 [0.         0.         0.         0.         0.        ]
 [0.         0.         0.         0.         0.        ]
 [0.         0.         0.         0.         0.        ]
 [0.         0.         0.00121065 0.         0.        ]
 [0.         0.00046591 0.         0.         0.        ]
 [0.0001227  0.         0.0007362  0.         0.        ]
 [0.00032199 0.00042932 0.00042932 0.         0.        ]
 [0.         0.00030271 0.00060542 0.         0.        ]
 [0.00034746 0.         0.00069493 0.         0.        ]
 [0.         0.         0.         0.         0.        ]
 [0.         0.         0.         0.         0.        ]
 [0.00018839 0.00037679 0.         0.         0.        ]
 [0.00173385 0.         0.00346771 0.         0.        ]
 [0.00055835 0.         0.00055835 0.         0.        ]
 [0.         0.         0.         0.         0.        ]
 [0.00178891 0.00357782 0.00536673 0.         0.        ]
 [0.         0.         0.         0.         0.        ]
 [0.         0.         0.00236407 0.         0.        ]
 [0.         0.         0.         0.         0.        ]
 [0.00145773 0.00087464 0.00145773 0.         0.        ]
 [0.         0.         0.         0.         0.        ]
 [0.00012464 0.00024928 0.00037392 0.         0.        ]
 [0.         0.         0.         0.         0.        ]
 [0.         0.         0.         0.         0.        ]
 [0.         0.         0.00408719 0.         0.        ]
 [0.         0.00316456 0.         0.         0.        ]
 [0.         0.         0.         0.         0.        ]
 [0.         0.00083647 0.00041824 0.         0.        ]
 [0.         0.         0.0009901  0.         0.        ]
 [0.         0.00373134 0.00373134 0.         0.        ]
 [0.         0.         0.         0.         0.        ]
 [0.         0.         0.         0.         0.        ]
 [0.         0.         0.00550964 0.         0.        ]
 [0.         0.         0.         0.         0.        ]
 [0.00263158 0.00131579 0.00394737 0.         0.        ]
 [0.         0.         0.         0.         0.        ]
 [0.         0.         0.         0.         0.        ]
 [0.         0.         0.         0.         0.        ]
 [0.         0.         0.         0.         0.        ]
 [0.         0.         0.         0.         0.        ]
 [0.         0.         0.         0.         0.        ]
 [0.00193986 0.         0.         0.         0.        ]
 [0.0013986  0.         0.0013986  0.         0.        ]
 [0.         0.         0.         0.         0.        ]
 [0.00113379 0.         0.00453515 0.         0.        ]
 [0.         0.         0.         0.         0.        ]
 [0.00364964 0.         0.00364964 0.         0.        ]
 [0.0004948  0.         0.00148441 0.         0.        ]
 [0.         0.         0.         0.         0.        ]
 [0.         0.00662252 0.         0.         0.        ]
 [0.00161812 0.         0.         0.         0.        ]
 [0.         0.00126422 0.00126422 0.         0.        ]
 [0.         0.         0.         0.         0.        ]
 [0.         0.         0.         0.         0.        ]
 [0.00358423 0.         0.00358423 0.         0.        ]
 [0.         0.         0.         0.         0.        ]
 [0.         0.         0.00108342 0.         0.        ]
 [0.         0.         0.00352113 0.         0.        ]
 [0.         0.         0.         0.         0.        ]
 [0.00104275 0.         0.00521376 0.         0.        ]
 [0.         0.00054171 0.         0.         0.        ]
 [0.         0.         0.         0.         0.        ]
 [0.         0.         0.         0.         0.        ]
 [0.         0.         0.         0.         0.        ]
 [0.         0.         0.         0.         0.        ]
 [0.0008244  0.         0.0016488  0.         0.        ]
 [0.         0.         0.         0.         0.        ]
 [0.         0.         0.00230415 0.         0.        ]
 [0.         0.         0.00403226 0.         0.        ]
 [0.         0.         0.         0.         0.        ]
 [0.         0.         0.         0.         0.        ]
 [0.00220264 0.         0.00220264 0.         0.        ]
 [0.         0.         0.         0.         0.        ]
 [0.00508906 0.         0.00254453 0.         0.        ]
 [0.         0.         0.         0.         0.        ]
 [0.         0.         0.00160514 0.         0.        ]
 [0.00109709 0.         0.00438837 0.         0.        ]]
loading news augmentations
Dataset:  politifact
100%|██████████| 90/90 [00:42<00:00,  2.14it/s]
Iter 004 | Epoch 00000 | Train Acc. 0.7583 | Loss 1.9913
loading news augmentations
Dataset:  politifact
100%|██████████| 90/90 [00:42<00:00,  2.13it/s]
Iter 004 | Epoch 00001 | Train Acc. 0.9333 | Loss 1.2056
loading news augmentations
Dataset:  politifact
100%|██████████| 90/90 [00:42<00:00,  2.14it/s]
Iter 004 | Epoch 00002 | Train Acc. 0.9667 | Loss 0.9736
loading news augmentations
Dataset:  politifact
100%|██████████| 90/90 [00:42<00:00,  2.14it/s]
Iter 004 | Epoch 00003 | Train Acc. 0.9833 | Loss 0.7580
loading news augmentations
Dataset:  politifact
100%|██████████| 90/90 [00:42<00:00,  2.13it/s]
Iter 004 | Epoch 00004 | Train Acc. 0.9917 | Loss 0.6313
100%|██████████| 23/23 [00:01<00:00, 17.46it/s]
100%|██████████| 23/23 [00:01<00:00, 21.83it/s]
-----------------End of Iter 004-----------------
['Global Test Accuracy:0.9111', 'Precision:0.9119', 'Recall:0.9111', 'F1:0.9111']
-----------------Restyle-----------------
['Global Test Accuracy:0.8333', 'Precision:0.8348', 'Recall:0.8333', 'F1:0.8331']
Dataset:  politifact
loading news articles
LIWC features extracted [[0.         0.         0.00209644 0.         0.        ]
 [0.         0.         0.         0.         0.        ]
 [0.         0.         0.         0.         0.        ]
 [0.         0.         0.00209644 0.         0.        ]
 [0.00079681 0.         0.         0.         0.        ]
 [0.00054935 0.00036623 0.00256363 0.         0.        ]
 [0.00035608 0.         0.00077151 0.         0.        ]
 [0.00274725 0.         0.00274725 0.         0.        ]
 [0.00024432 0.00024432 0.00024432 0.         0.        ]
 [0.         0.         0.         0.         0.        ]
 [0.         0.         0.         0.         0.        ]
 [0.         0.         0.         0.         0.        ]
 [0.         0.         0.         0.         0.        ]
 [0.         0.         0.         0.         0.        ]
 [0.         0.         0.         0.         0.        ]
 [0.         0.         0.         0.         0.        ]
 [0.         0.         0.00121065 0.         0.        ]
 [0.         0.00046591 0.         0.         0.        ]
 [0.0001227  0.         0.0007362  0.         0.        ]
 [0.00032199 0.00042932 0.00042932 0.         0.        ]
 [0.         0.00030271 0.00060542 0.         0.        ]
 [0.00034746 0.         0.00069493 0.         0.        ]
 [0.         0.         0.         0.         0.        ]
 [0.         0.         0.         0.         0.        ]
 [0.00018839 0.00037679 0.         0.         0.        ]
 [0.00173385 0.         0.00346771 0.         0.        ]
 [0.00055835 0.         0.00055835 0.         0.        ]
 [0.         0.         0.         0.         0.        ]
 [0.00178891 0.00357782 0.00536673 0.         0.        ]
 [0.         0.         0.         0.         0.        ]
 [0.         0.         0.00236407 0.         0.        ]
 [0.         0.         0.         0.         0.        ]
 [0.00145773 0.00087464 0.00145773 0.         0.        ]
 [0.         0.         0.         0.         0.        ]
 [0.00012464 0.00024928 0.00037392 0.         0.        ]
 [0.         0.         0.         0.         0.        ]
 [0.         0.         0.         0.         0.        ]
 [0.         0.         0.00408719 0.         0.        ]
 [0.         0.00316456 0.         0.         0.        ]
 [0.         0.         0.         0.         0.        ]
 [0.         0.00083647 0.00041824 0.         0.        ]
 [0.         0.         0.0009901  0.         0.        ]
 [0.         0.00373134 0.00373134 0.         0.        ]
 [0.         0.         0.         0.         0.        ]
 [0.         0.         0.         0.         0.        ]
 [0.         0.         0.00550964 0.         0.        ]
 [0.         0.         0.         0.         0.        ]
 [0.00263158 0.00131579 0.00394737 0.         0.        ]
 [0.         0.         0.         0.         0.        ]
 [0.         0.         0.         0.         0.        ]
 [0.         0.         0.         0.         0.        ]
 [0.         0.         0.         0.         0.        ]
 [0.         0.         0.         0.         0.        ]
 [0.         0.         0.         0.         0.        ]
 [0.00193986 0.         0.         0.         0.        ]
 [0.0013986  0.         0.0013986  0.         0.        ]
 [0.         0.         0.         0.         0.        ]
 [0.00113379 0.         0.00453515 0.         0.        ]
 [0.         0.         0.         0.         0.        ]
 [0.00364964 0.         0.00364964 0.         0.        ]
 [0.0004948  0.         0.00148441 0.         0.        ]
 [0.         0.         0.         0.         0.        ]
 [0.         0.00662252 0.         0.         0.        ]
 [0.00161812 0.         0.         0.         0.        ]
 [0.         0.00126422 0.00126422 0.         0.        ]
 [0.         0.         0.         0.         0.        ]
 [0.         0.         0.         0.         0.        ]
 [0.00358423 0.         0.00358423 0.         0.        ]
 [0.         0.         0.         0.         0.        ]
 [0.         0.         0.00108342 0.         0.        ]
 [0.         0.         0.00352113 0.         0.        ]
 [0.         0.         0.         0.         0.        ]
 [0.00104275 0.         0.00521376 0.         0.        ]
 [0.         0.00054171 0.         0.         0.        ]
 [0.         0.         0.         0.         0.        ]
 [0.         0.         0.         0.         0.        ]
 [0.         0.         0.         0.         0.        ]
 [0.         0.         0.         0.         0.        ]
 [0.0008244  0.         0.0016488  0.         0.        ]
 [0.         0.         0.         0.         0.        ]
 [0.         0.         0.00230415 0.         0.        ]
 [0.         0.         0.00403226 0.         0.        ]
 [0.         0.         0.         0.         0.        ]
 [0.         0.         0.         0.         0.        ]
 [0.00220264 0.         0.00220264 0.         0.        ]
 [0.         0.         0.         0.         0.        ]
 [0.00508906 0.         0.00254453 0.         0.        ]
 [0.         0.         0.         0.         0.        ]
 [0.         0.         0.00160514 0.         0.        ]
 [0.00109709 0.         0.00438837 0.         0.        ]]
loading news augmentations
Dataset:  politifact
100%|██████████| 90/90 [00:42<00:00,  2.14it/s]
Iter 005 | Epoch 00000 | Train Acc. 0.7444 | Loss 1.9928
loading news augmentations
Dataset:  politifact
100%|██████████| 90/90 [00:41<00:00,  2.14it/s]
Iter 005 | Epoch 00001 | Train Acc. 0.9167 | Loss 1.2564
loading news augmentations
Dataset:  politifact
100%|██████████| 90/90 [00:42<00:00,  2.14it/s]
Iter 005 | Epoch 00002 | Train Acc. 0.9556 | Loss 0.9493
loading news augmentations
Dataset:  politifact
100%|██████████| 90/90 [00:42<00:00,  2.14it/s]
Iter 005 | Epoch 00003 | Train Acc. 0.9722 | Loss 0.8205
loading news augmentations
Dataset:  politifact
100%|██████████| 90/90 [00:42<00:00,  2.13it/s]
Iter 005 | Epoch 00004 | Train Acc. 0.9917 | Loss 0.6780
100%|██████████| 23/23 [00:01<00:00, 17.31it/s]
100%|██████████| 23/23 [00:01<00:00, 21.79it/s]
-----------------End of Iter 005-----------------
['Global Test Accuracy:0.9111', 'Precision:0.9186', 'Recall:0.9111', 'F1:0.9107']
-----------------Restyle-----------------
['Global Test Accuracy:0.7667', 'Precision:0.7778', 'Recall:0.7667', 'F1:0.7643']
Dataset:  politifact
loading news articles
LIWC features extracted [[0.         0.         0.00209644 0.         0.        ]
 [0.         0.         0.         0.         0.        ]
 [0.         0.         0.         0.         0.        ]
 [0.         0.         0.00209644 0.         0.        ]
 [0.00079681 0.         0.         0.         0.        ]
 [0.00054935 0.00036623 0.00256363 0.         0.        ]
 [0.00035608 0.         0.00077151 0.         0.        ]
 [0.00274725 0.         0.00274725 0.         0.        ]
 [0.00024432 0.00024432 0.00024432 0.         0.        ]
 [0.         0.         0.         0.         0.        ]
 [0.         0.         0.         0.         0.        ]
 [0.         0.         0.         0.         0.        ]
 [0.         0.         0.         0.         0.        ]
 [0.         0.         0.         0.         0.        ]
 [0.         0.         0.         0.         0.        ]
 [0.         0.         0.         0.         0.        ]
 [0.         0.         0.00121065 0.         0.        ]
 [0.         0.00046591 0.         0.         0.        ]
 [0.0001227  0.         0.0007362  0.         0.        ]
 [0.00032199 0.00042932 0.00042932 0.         0.        ]
 [0.         0.00030271 0.00060542 0.         0.        ]
 [0.00034746 0.         0.00069493 0.         0.        ]
 [0.         0.         0.         0.         0.        ]
 [0.         0.         0.         0.         0.        ]
 [0.00018839 0.00037679 0.         0.         0.        ]
 [0.00173385 0.         0.00346771 0.         0.        ]
 [0.00055835 0.         0.00055835 0.         0.        ]
 [0.         0.         0.         0.         0.        ]
 [0.00178891 0.00357782 0.00536673 0.         0.        ]
 [0.         0.         0.         0.         0.        ]
 [0.         0.         0.00236407 0.         0.        ]
 [0.         0.         0.         0.         0.        ]
 [0.00145773 0.00087464 0.00145773 0.         0.        ]
 [0.         0.         0.         0.         0.        ]
 [0.00012464 0.00024928 0.00037392 0.         0.        ]
 [0.         0.         0.         0.         0.        ]
 [0.         0.         0.         0.         0.        ]
 [0.         0.         0.00408719 0.         0.        ]
 [0.         0.00316456 0.         0.         0.        ]
 [0.         0.         0.         0.         0.        ]
 [0.         0.00083647 0.00041824 0.         0.        ]
 [0.         0.         0.0009901  0.         0.        ]
 [0.         0.00373134 0.00373134 0.         0.        ]
 [0.         0.         0.         0.         0.        ]
 [0.         0.         0.         0.         0.        ]
 [0.         0.         0.00550964 0.         0.        ]
 [0.         0.         0.         0.         0.        ]
 [0.00263158 0.00131579 0.00394737 0.         0.        ]
 [0.         0.         0.         0.         0.        ]
 [0.         0.         0.         0.         0.        ]
 [0.         0.         0.         0.         0.        ]
 [0.         0.         0.         0.         0.        ]
 [0.         0.         0.         0.         0.        ]
 [0.         0.         0.         0.         0.        ]
 [0.00193986 0.         0.         0.         0.        ]
 [0.0013986  0.         0.0013986  0.         0.        ]
 [0.         0.         0.         0.         0.        ]
 [0.00113379 0.         0.00453515 0.         0.        ]
 [0.         0.         0.         0.         0.        ]
 [0.00364964 0.         0.00364964 0.         0.        ]
 [0.0004948  0.         0.00148441 0.         0.        ]
 [0.         0.         0.         0.         0.        ]
 [0.         0.00662252 0.         0.         0.        ]
 [0.00161812 0.         0.         0.         0.        ]
 [0.         0.00126422 0.00126422 0.         0.        ]
 [0.         0.         0.         0.         0.        ]
 [0.         0.         0.         0.         0.        ]
 [0.00358423 0.         0.00358423 0.         0.        ]
 [0.         0.         0.         0.         0.        ]
 [0.         0.         0.00108342 0.         0.        ]
 [0.         0.         0.00352113 0.         0.        ]
 [0.         0.         0.         0.         0.        ]
 [0.00104275 0.         0.00521376 0.         0.        ]
 [0.         0.00054171 0.         0.         0.        ]
 [0.         0.         0.         0.         0.        ]
 [0.         0.         0.         0.         0.        ]
 [0.         0.         0.         0.         0.        ]
 [0.         0.         0.         0.         0.        ]
 [0.0008244  0.         0.0016488  0.         0.        ]
 [0.         0.         0.         0.         0.        ]
 [0.         0.         0.00230415 0.         0.        ]
 [0.         0.         0.00403226 0.         0.        ]
 [0.         0.         0.         0.         0.        ]
 [0.         0.         0.         0.         0.        ]
 [0.00220264 0.         0.00220264 0.         0.        ]
 [0.         0.         0.         0.         0.        ]
 [0.00508906 0.         0.00254453 0.         0.        ]
 [0.         0.         0.         0.         0.        ]
 [0.         0.         0.00160514 0.         0.        ]
 [0.00109709 0.         0.00438837 0.         0.        ]]
loading news augmentations
Dataset:  politifact
100%|██████████| 90/90 [00:42<00:00,  2.14it/s]
Iter 006 | Epoch 00000 | Train Acc. 0.7250 | Loss 2.0060
loading news augmentations
Dataset:  politifact
100%|██████████| 90/90 [00:42<00:00,  2.14it/s]
Iter 006 | Epoch 00001 | Train Acc. 0.9389 | Loss 1.1752
loading news augmentations
Dataset:  politifact
100%|██████████| 90/90 [00:42<00:00,  2.14it/s]
Iter 006 | Epoch 00002 | Train Acc. 0.9694 | Loss 0.9218
loading news augmentations
Dataset:  politifact
100%|██████████| 90/90 [00:42<00:00,  2.14it/s]
Iter 006 | Epoch 00003 | Train Acc. 0.9861 | Loss 0.7754
loading news augmentations
Dataset:  politifact
100%|██████████| 90/90 [00:42<00:00,  2.13it/s]
Iter 006 | Epoch 00004 | Train Acc. 0.9861 | Loss 0.7033
100%|██████████| 23/23 [00:01<00:00, 17.03it/s]
100%|██████████| 23/23 [00:01<00:00, 21.86it/s]
-----------------End of Iter 006-----------------
['Global Test Accuracy:0.9222', 'Precision:0.9224', 'Recall:0.9222', 'F1:0.9222']
-----------------Restyle-----------------
['Global Test Accuracy:0.8111', 'Precision:0.8150', 'Recall:0.8111', 'F1:0.8105']
Dataset:  politifact
loading news articles
LIWC features extracted [[0.         0.         0.00209644 0.         0.        ]
 [0.         0.         0.         0.         0.        ]
 [0.         0.         0.         0.         0.        ]
 [0.         0.         0.00209644 0.         0.        ]
 [0.00079681 0.         0.         0.         0.        ]
 [0.00054935 0.00036623 0.00256363 0.         0.        ]
 [0.00035608 0.         0.00077151 0.         0.        ]
 [0.00274725 0.         0.00274725 0.         0.        ]
 [0.00024432 0.00024432 0.00024432 0.         0.        ]
 [0.         0.         0.         0.         0.        ]
 [0.         0.         0.         0.         0.        ]
 [0.         0.         0.         0.         0.        ]
 [0.         0.         0.         0.         0.        ]
 [0.         0.         0.         0.         0.        ]
 [0.         0.         0.         0.         0.        ]
 [0.         0.         0.         0.         0.        ]
 [0.         0.         0.00121065 0.         0.        ]
 [0.         0.00046591 0.         0.         0.        ]
 [0.0001227  0.         0.0007362  0.         0.        ]
 [0.00032199 0.00042932 0.00042932 0.         0.        ]
 [0.         0.00030271 0.00060542 0.         0.        ]
 [0.00034746 0.         0.00069493 0.         0.        ]
 [0.         0.         0.         0.         0.        ]
 [0.         0.         0.         0.         0.        ]
 [0.00018839 0.00037679 0.         0.         0.        ]
 [0.00173385 0.         0.00346771 0.         0.        ]
 [0.00055835 0.         0.00055835 0.         0.        ]
 [0.         0.         0.         0.         0.        ]
 [0.00178891 0.00357782 0.00536673 0.         0.        ]
 [0.         0.         0.         0.         0.        ]
 [0.         0.         0.00236407 0.         0.        ]
 [0.         0.         0.         0.         0.        ]
 [0.00145773 0.00087464 0.00145773 0.         0.        ]
 [0.         0.         0.         0.         0.        ]
 [0.00012464 0.00024928 0.00037392 0.         0.        ]
 [0.         0.         0.         0.         0.        ]
 [0.         0.         0.         0.         0.        ]
 [0.         0.         0.00408719 0.         0.        ]
 [0.         0.00316456 0.         0.         0.        ]
 [0.         0.         0.         0.         0.        ]
 [0.         0.00083647 0.00041824 0.         0.        ]
 [0.         0.         0.0009901  0.         0.        ]
 [0.         0.00373134 0.00373134 0.         0.        ]
 [0.         0.         0.         0.         0.        ]
 [0.         0.         0.         0.         0.        ]
 [0.         0.         0.00550964 0.         0.        ]
 [0.         0.         0.         0.         0.        ]
 [0.00263158 0.00131579 0.00394737 0.         0.        ]
 [0.         0.         0.         0.         0.        ]
 [0.         0.         0.         0.         0.        ]
 [0.         0.         0.         0.         0.        ]
 [0.         0.         0.         0.         0.        ]
 [0.         0.         0.         0.         0.        ]
 [0.         0.         0.         0.         0.        ]
 [0.00193986 0.         0.         0.         0.        ]
 [0.0013986  0.         0.0013986  0.         0.        ]
 [0.         0.         0.         0.         0.        ]
 [0.00113379 0.         0.00453515 0.         0.        ]
 [0.         0.         0.         0.         0.        ]
 [0.00364964 0.         0.00364964 0.         0.        ]
 [0.0004948  0.         0.00148441 0.         0.        ]
 [0.         0.         0.         0.         0.        ]
 [0.         0.00662252 0.         0.         0.        ]
 [0.00161812 0.         0.         0.         0.        ]
 [0.         0.00126422 0.00126422 0.         0.        ]
 [0.         0.         0.         0.         0.        ]
 [0.         0.         0.         0.         0.        ]
 [0.00358423 0.         0.00358423 0.         0.        ]
 [0.         0.         0.         0.         0.        ]
 [0.         0.         0.00108342 0.         0.        ]
 [0.         0.         0.00352113 0.         0.        ]
 [0.         0.         0.         0.         0.        ]
 [0.00104275 0.         0.00521376 0.         0.        ]
 [0.         0.00054171 0.         0.         0.        ]
 [0.         0.         0.         0.         0.        ]
 [0.         0.         0.         0.         0.        ]
 [0.         0.         0.         0.         0.        ]
 [0.         0.         0.         0.         0.        ]
 [0.0008244  0.         0.0016488  0.         0.        ]
 [0.         0.         0.         0.         0.        ]
 [0.         0.         0.00230415 0.         0.        ]
 [0.         0.         0.00403226 0.         0.        ]
 [0.         0.         0.         0.         0.        ]
 [0.         0.         0.         0.         0.        ]
 [0.00220264 0.         0.00220264 0.         0.        ]
 [0.         0.         0.         0.         0.        ]
 [0.00508906 0.         0.00254453 0.         0.        ]
 [0.         0.         0.         0.         0.        ]
 [0.         0.         0.00160514 0.         0.        ]
 [0.00109709 0.         0.00438837 0.         0.        ]]
loading news augmentations
Dataset:  politifact
100%|██████████| 90/90 [00:42<00:00,  2.14it/s]
Iter 007 | Epoch 00000 | Train Acc. 0.7306 | Loss 2.0659
loading news augmentations
Dataset:  politifact
100%|██████████| 90/90 [00:42<00:00,  2.13it/s]
Iter 007 | Epoch 00001 | Train Acc. 0.9278 | Loss 1.2085
loading news augmentations
Dataset:  politifact
100%|██████████| 90/90 [00:42<00:00,  2.14it/s]
Iter 007 | Epoch 00002 | Train Acc. 0.9694 | Loss 0.9475
loading news augmentations
Dataset:  politifact
100%|██████████| 90/90 [00:42<00:00,  2.14it/s]
Iter 007 | Epoch 00003 | Train Acc. 0.9833 | Loss 0.7479
loading news augmentations
Dataset:  politifact
100%|██████████| 90/90 [00:42<00:00,  2.14it/s]
Iter 007 | Epoch 00004 | Train Acc. 0.9972 | Loss 0.6406
100%|██████████| 23/23 [00:01<00:00, 17.16it/s]
100%|██████████| 23/23 [00:01<00:00, 21.82it/s]
-----------------End of Iter 007-----------------
['Global Test Accuracy:0.9111', 'Precision:0.9144', 'Recall:0.9111', 'F1:0.9109']
-----------------Restyle-----------------
['Global Test Accuracy:0.7889', 'Precision:0.7925', 'Recall:0.7889', 'F1:0.7882']
Dataset:  politifact
loading news articles
LIWC features extracted [[0.         0.         0.00209644 0.         0.        ]
 [0.         0.         0.         0.         0.        ]
 [0.         0.         0.         0.         0.        ]
 [0.         0.         0.00209644 0.         0.        ]
 [0.00079681 0.         0.         0.         0.        ]
 [0.00054935 0.00036623 0.00256363 0.         0.        ]
 [0.00035608 0.         0.00077151 0.         0.        ]
 [0.00274725 0.         0.00274725 0.         0.        ]
 [0.00024432 0.00024432 0.00024432 0.         0.        ]
 [0.         0.         0.         0.         0.        ]
 [0.         0.         0.         0.         0.        ]
 [0.         0.         0.         0.         0.        ]
 [0.         0.         0.         0.         0.        ]
 [0.         0.         0.         0.         0.        ]
 [0.         0.         0.         0.         0.        ]
 [0.         0.         0.         0.         0.        ]
 [0.         0.         0.00121065 0.         0.        ]
 [0.         0.00046591 0.         0.         0.        ]
 [0.0001227  0.         0.0007362  0.         0.        ]
 [0.00032199 0.00042932 0.00042932 0.         0.        ]
 [0.         0.00030271 0.00060542 0.         0.        ]
 [0.00034746 0.         0.00069493 0.         0.        ]
 [0.         0.         0.         0.         0.        ]
 [0.         0.         0.         0.         0.        ]
 [0.00018839 0.00037679 0.         0.         0.        ]
 [0.00173385 0.         0.00346771 0.         0.        ]
 [0.00055835 0.         0.00055835 0.         0.        ]
 [0.         0.         0.         0.         0.        ]
 [0.00178891 0.00357782 0.00536673 0.         0.        ]
 [0.         0.         0.         0.         0.        ]
 [0.         0.         0.00236407 0.         0.        ]
 [0.         0.         0.         0.         0.        ]
 [0.00145773 0.00087464 0.00145773 0.         0.        ]
 [0.         0.         0.         0.         0.        ]
 [0.00012464 0.00024928 0.00037392 0.         0.        ]
 [0.         0.         0.         0.         0.        ]
 [0.         0.         0.         0.         0.        ]
 [0.         0.         0.00408719 0.         0.        ]
 [0.         0.00316456 0.         0.         0.        ]
 [0.         0.         0.         0.         0.        ]
 [0.         0.00083647 0.00041824 0.         0.        ]
 [0.         0.         0.0009901  0.         0.        ]
 [0.         0.00373134 0.00373134 0.         0.        ]
 [0.         0.         0.         0.         0.        ]
 [0.         0.         0.         0.         0.        ]
 [0.         0.         0.00550964 0.         0.        ]
 [0.         0.         0.         0.         0.        ]
 [0.00263158 0.00131579 0.00394737 0.         0.        ]
 [0.         0.         0.         0.         0.        ]
 [0.         0.         0.         0.         0.        ]
 [0.         0.         0.         0.         0.        ]
 [0.         0.         0.         0.         0.        ]
 [0.         0.         0.         0.         0.        ]
 [0.         0.         0.         0.         0.        ]
 [0.00193986 0.         0.         0.         0.        ]
 [0.0013986  0.         0.0013986  0.         0.        ]
 [0.         0.         0.         0.         0.        ]
 [0.00113379 0.         0.00453515 0.         0.        ]
 [0.         0.         0.         0.         0.        ]
 [0.00364964 0.         0.00364964 0.         0.        ]
 [0.0004948  0.         0.00148441 0.         0.        ]
 [0.         0.         0.         0.         0.        ]
 [0.         0.00662252 0.         0.         0.        ]
 [0.00161812 0.         0.         0.         0.        ]
 [0.         0.00126422 0.00126422 0.         0.        ]
 [0.         0.         0.         0.         0.        ]
 [0.         0.         0.         0.         0.        ]
 [0.00358423 0.         0.00358423 0.         0.        ]
 [0.         0.         0.         0.         0.        ]
 [0.         0.         0.00108342 0.         0.        ]
 [0.         0.         0.00352113 0.         0.        ]
 [0.         0.         0.         0.         0.        ]
 [0.00104275 0.         0.00521376 0.         0.        ]
 [0.         0.00054171 0.         0.         0.        ]
 [0.         0.         0.         0.         0.        ]
 [0.         0.         0.         0.         0.        ]
 [0.         0.         0.         0.         0.        ]
 [0.         0.         0.         0.         0.        ]
 [0.0008244  0.         0.0016488  0.         0.        ]
 [0.         0.         0.         0.         0.        ]
 [0.         0.         0.00230415 0.         0.        ]
 [0.         0.         0.00403226 0.         0.        ]
 [0.         0.         0.         0.         0.        ]
 [0.         0.         0.         0.         0.        ]
 [0.00220264 0.         0.00220264 0.         0.        ]
 [0.         0.         0.         0.         0.        ]
 [0.00508906 0.         0.00254453 0.         0.        ]
 [0.         0.         0.         0.         0.        ]
 [0.         0.         0.00160514 0.         0.        ]
 [0.00109709 0.         0.00438837 0.         0.        ]]
loading news augmentations
Dataset:  politifact
100%|██████████| 90/90 [00:42<00:00,  2.14it/s]
Iter 008 | Epoch 00000 | Train Acc. 0.6833 | Loss 2.1079
loading news augmentations
Dataset:  politifact
100%|██████████| 90/90 [00:42<00:00,  2.13it/s]
Iter 008 | Epoch 00001 | Train Acc. 0.9306 | Loss 1.2324
loading news augmentations
Dataset:  politifact
100%|██████████| 90/90 [00:42<00:00,  2.14it/s]
Iter 008 | Epoch 00002 | Train Acc. 0.9583 | Loss 0.9517
loading news augmentations
Dataset:  politifact
100%|██████████| 90/90 [00:42<00:00,  2.14it/s]
Iter 008 | Epoch 00003 | Train Acc. 0.9778 | Loss 0.7971
loading news augmentations
Dataset:  politifact
100%|██████████| 90/90 [00:42<00:00,  2.13it/s]
Iter 008 | Epoch 00004 | Train Acc. 0.9972 | Loss 0.7218
100%|██████████| 23/23 [00:01<00:00, 17.74it/s]
100%|██████████| 23/23 [00:01<00:00, 21.81it/s]
-----------------End of Iter 008-----------------
['Global Test Accuracy:0.9111', 'Precision:0.9186', 'Recall:0.9111', 'F1:0.9107']
-----------------Restyle-----------------
['Global Test Accuracy:0.8444', 'Precision:0.8507', 'Recall:0.8444', 'F1:0.8438']
Dataset:  politifact
loading news articles
LIWC features extracted [[0.         0.         0.00209644 0.         0.        ]
 [0.         0.         0.         0.         0.        ]
 [0.         0.         0.         0.         0.        ]
 [0.         0.         0.00209644 0.         0.        ]
 [0.00079681 0.         0.         0.         0.        ]
 [0.00054935 0.00036623 0.00256363 0.         0.        ]
 [0.00035608 0.         0.00077151 0.         0.        ]
 [0.00274725 0.         0.00274725 0.         0.        ]
 [0.00024432 0.00024432 0.00024432 0.         0.        ]
 [0.         0.         0.         0.         0.        ]
 [0.         0.         0.         0.         0.        ]
 [0.         0.         0.         0.         0.        ]
 [0.         0.         0.         0.         0.        ]
 [0.         0.         0.         0.         0.        ]
 [0.         0.         0.         0.         0.        ]
 [0.         0.         0.         0.         0.        ]
 [0.         0.         0.00121065 0.         0.        ]
 [0.         0.00046591 0.         0.         0.        ]
 [0.0001227  0.         0.0007362  0.         0.        ]
 [0.00032199 0.00042932 0.00042932 0.         0.        ]
 [0.         0.00030271 0.00060542 0.         0.        ]
 [0.00034746 0.         0.00069493 0.         0.        ]
 [0.         0.         0.         0.         0.        ]
 [0.         0.         0.         0.         0.        ]
 [0.00018839 0.00037679 0.         0.         0.        ]
 [0.00173385 0.         0.00346771 0.         0.        ]
 [0.00055835 0.         0.00055835 0.         0.        ]
 [0.         0.         0.         0.         0.        ]
 [0.00178891 0.00357782 0.00536673 0.         0.        ]
 [0.         0.         0.         0.         0.        ]
 [0.         0.         0.00236407 0.         0.        ]
 [0.         0.         0.         0.         0.        ]
 [0.00145773 0.00087464 0.00145773 0.         0.        ]
 [0.         0.         0.         0.         0.        ]
 [0.00012464 0.00024928 0.00037392 0.         0.        ]
 [0.         0.         0.         0.         0.        ]
 [0.         0.         0.         0.         0.        ]
 [0.         0.         0.00408719 0.         0.        ]
 [0.         0.00316456 0.         0.         0.        ]
 [0.         0.         0.         0.         0.        ]
 [0.         0.00083647 0.00041824 0.         0.        ]
 [0.         0.         0.0009901  0.         0.        ]
 [0.         0.00373134 0.00373134 0.         0.        ]
 [0.         0.         0.         0.         0.        ]
 [0.         0.         0.         0.         0.        ]
 [0.         0.         0.00550964 0.         0.        ]
 [0.         0.         0.         0.         0.        ]
 [0.00263158 0.00131579 0.00394737 0.         0.        ]
 [0.         0.         0.         0.         0.        ]
 [0.         0.         0.         0.         0.        ]
 [0.         0.         0.         0.         0.        ]
 [0.         0.         0.         0.         0.        ]
 [0.         0.         0.         0.         0.        ]
 [0.         0.         0.         0.         0.        ]
 [0.00193986 0.         0.         0.         0.        ]
 [0.0013986  0.         0.0013986  0.         0.        ]
 [0.         0.         0.         0.         0.        ]
 [0.00113379 0.         0.00453515 0.         0.        ]
 [0.         0.         0.         0.         0.        ]
 [0.00364964 0.         0.00364964 0.         0.        ]
 [0.0004948  0.         0.00148441 0.         0.        ]
 [0.         0.         0.         0.         0.        ]
 [0.         0.00662252 0.         0.         0.        ]
 [0.00161812 0.         0.         0.         0.        ]
 [0.         0.00126422 0.00126422 0.         0.        ]
 [0.         0.         0.         0.         0.        ]
 [0.         0.         0.         0.         0.        ]
 [0.00358423 0.         0.00358423 0.         0.        ]
 [0.         0.         0.         0.         0.        ]
 [0.         0.         0.00108342 0.         0.        ]
 [0.         0.         0.00352113 0.         0.        ]
 [0.         0.         0.         0.         0.        ]
 [0.00104275 0.         0.00521376 0.         0.        ]
 [0.         0.00054171 0.         0.         0.        ]
 [0.         0.         0.         0.         0.        ]
 [0.         0.         0.         0.         0.        ]
 [0.         0.         0.         0.         0.        ]
 [0.         0.         0.         0.         0.        ]
 [0.0008244  0.         0.0016488  0.         0.        ]
 [0.         0.         0.         0.         0.        ]
 [0.         0.         0.00230415 0.         0.        ]
 [0.         0.         0.00403226 0.         0.        ]
 [0.         0.         0.         0.         0.        ]
 [0.         0.         0.         0.         0.        ]
 [0.00220264 0.         0.00220264 0.         0.        ]
 [0.         0.         0.         0.         0.        ]
 [0.00508906 0.         0.00254453 0.         0.        ]
 [0.         0.         0.         0.         0.        ]
 [0.         0.         0.00160514 0.         0.        ]
 [0.00109709 0.         0.00438837 0.         0.        ]]
loading news augmentations
Dataset:  politifact
100%|██████████| 90/90 [00:42<00:00,  2.13it/s]
Iter 009 | Epoch 00000 | Train Acc. 0.7250 | Loss 2.0016
loading news augmentations
Dataset:  politifact
100%|██████████| 90/90 [00:42<00:00,  2.14it/s]
Iter 009 | Epoch 00001 | Train Acc. 0.9389 | Loss 1.2478
loading news augmentations
Dataset:  politifact
100%|██████████| 90/90 [00:42<00:00,  2.14it/s]
Iter 009 | Epoch 00002 | Train Acc. 0.9639 | Loss 0.9692
loading news augmentations
Dataset:  politifact
100%|██████████| 90/90 [00:42<00:00,  2.14it/s]
Iter 009 | Epoch 00003 | Train Acc. 0.9722 | Loss 0.8490
loading news augmentations
Dataset:  politifact
100%|██████████| 90/90 [00:41<00:00,  2.14it/s]
Iter 009 | Epoch 00004 | Train Acc. 0.9972 | Loss 0.6777
100%|██████████| 23/23 [00:01<00:00, 17.76it/s]
100%|██████████| 23/23 [00:01<00:00, 21.93it/s]
-----------------End of Iter 009-----------------
['Global Test Accuracy:0.9000', 'Precision:0.9002', 'Recall:0.9000', 'F1:0.9000']
-----------------Restyle-----------------
['Global Test Accuracy:0.8444', 'Precision:0.8472', 'Recall:0.8444', 'F1:0.8441']
Total_Test_Accuracy: 0.9122|Prec_Macro: 0.9162|Rec_Macro: 0.9122|F1_Macro: 0.9120
Restyle_Test_Accuracy: 0.8189|Prec_Macro: 0.8237|Rec_Macro: 0.8189|F1_Macro: 0.8181
